3,0,0,0.000000000000000000,0.0100,,,,,,    Mar 15 2023                            
0/                                                                                
-0.0555020330673310101758259, 1, 1
 1,0,0,0,'111S320.POW ',' Z= 1 1 1Se                        05/16/24,, NDG, d'
 0.95459, 0.51447, 2.85529, 2.62848, 8.57404, 7.20593,
10,10, 1, 1,21,21, 6,
 -1.3541D-11 -8.0519D-11  8.5851D-12  1.8715D-11 -1.4158D-13  3.2010D-13
     0.95459     0.51447     2.85529     2.62848     8.57404     7.20593
     0.96414     0.51961     2.82673     2.60219     8.65978     7.13387
0/                                                                                
